Enter Year : 2000
       Year 2000, JAN        
S    M    T    W    T    F    S
                              1    
2    3    4    5    6    7    8    
9    10   11   12   13   14   15   
16   17   18   19   20   21   22   
23   24   25   26   27   28   29   
30   31   

       Year 2000, FEB        
S    M    T    W    T    F    S
          1    2    3    4    5    
6    7    8    9    10   11   12   
13   14   15   16   17   18   19   
20   21   22   23   24   25   26   
27   28   29   

       Year 2000, MAR        
S    M    T    W    T    F    S
               1    2    3    4    
5    6    7    8    9    10   11   
12   13   14   15   16   17   18   
19   20   21   22   23   24   25   
26   27   28   29   30   31   

       Year 2000, APR        
S    M    T    W    T    F    S
                              1    
2    3    4    5    6    7    8    
9    10   11   12   13   14   15   
16   17   18   19   20   21   22   
23   24   25   26   27   28   29   
30   

       Year 2000, MAY        
S    M    T    W    T    F    S
     1    2    3    4    5    6    
7    8    9    10   11   12   13   
14   15   16   17   18   19   20   
21   22   23   24   25   26   27   
28   29   30   31   

       Year 2000, JUN        
S    M    T    W    T    F    S
                    1    2    3    
4    5    6    7    8    9    10   
11   12   13   14   15   16   17   
18   19   20   21   22   23   24   
25   26   27   28   29   30   

       Year 2000, JUL        
S    M    T    W    T    F    S
                              1    
2    3    4    5    6    7    8    
9    10   11   12   13   14   15   
16   17   18   19   20   21   22   
23   24   25   26   27   28   29   
30   31   

       Year 2000, AUG        
S    M    T    W    T    F    S
          1    2    3    4    5    
6    7    8    9    10   11   12   
13   14   15   16   17   18   19   
20   21   22   23   24   25   26   
27   28   29   30   31   

       Year 2000, SEP        
S    M    T    W    T    F    S
                         1    2    
3    4    5    6    7    8    9    
10   11   12   13   14   15   16   
17   18   19   20   21   22   23   
24   25   26   27   28   29   30   


       Year 2000, OCT        
S    M    T    W    T    F    S
1    2    3    4    5    6    7    
8    9    10   11   12   13   14   
15   16   17   18   19   20   21   
22   23   24   25   26   27   28   
29   30   31   

       Year 2000, NOV        
S    M    T    W    T    F    S
               1    2    3    4    
5    6    7    8    9    10   11   
12   13   14   15   16   17   18   
19   20   21   22   23   24   25   
26   27   28   29   30   

       Year 2000, DEC        
S    M    T    W    T    F    S
                         1    2    
3    4    5    6    7    8    9    
10   11   12   13   14   15   16   
17   18   19   20   21   22   23   
24   25   26   27   28   29   30   
31   




Enter Year : 2029
       Year 2029, JAN        
S    M    T    W    T    F    S
     1    2    3    4    5    6    
7    8    9    10   11   12   13   
14   15   16   17   18   19   20   
21   22   23   24   25   26   27   
28   29   30   31   

       Year 2029, FEB        
S    M    T    W    T    F    S
                    1    2    3    
4    5    6    7    8    9    10   
11   12   13   14   15   16   17   
18   19   20   21   22   23   24   
25   26   27   28   

       Year 2029, MAR        
S    M    T    W    T    F    S
                    1    2    3    
4    5    6    7    8    9    10   
11   12   13   14   15   16   17   
18   19   20   21   22   23   24   
25   26   27   28   29   30   31   


       Year 2029, APR        
S    M    T    W    T    F    S
1    2    3    4    5    6    7    
8    9    10   11   12   13   14   
15   16   17   18   19   20   21   
22   23   24   25   26   27   28   
29   30   

       Year 2029, MAY        
S    M    T    W    T    F    S
          1    2    3    4    5    
6    7    8    9    10   11   12   
13   14   15   16   17   18   19   
20   21   22   23   24   25   26   
27   28   29   30   31   

       Year 2029, JUN        
S    M    T    W    T    F    S
                         1    2    
3    4    5    6    7    8    9    
10   11   12   13   14   15   16   
17   18   19   20   21   22   23   
24   25   26   27   28   29   30   


       Year 2029, JUL        
S    M    T    W    T    F    S
1    2    3    4    5    6    7    
8    9    10   11   12   13   14   
15   16   17   18   19   20   21   
22   23   24   25   26   27   28   
29   30   31   

       Year 2029, AUG        
S    M    T    W    T    F    S
               1    2    3    4    
5    6    7    8    9    10   11   
12   13   14   15   16   17   18   
19   20   21   22   23   24   25   
26   27   28   29   30   31   

       Year 2029, SEP        
S    M    T    W    T    F    S
                              1    
2    3    4    5    6    7    8    
9    10   11   12   13   14   15   
16   17   18   19   20   21   22   
23   24   25   26   27   28   29   
30   

       Year 2029, OCT        
S    M    T    W    T    F    S
     1    2    3    4    5    6    
7    8    9    10   11   12   13   
14   15   16   17   18   19   20   
21   22   23   24   25   26   27   
28   29   30   31   

       Year 2029, NOV        
S    M    T    W    T    F    S
                    1    2    3    
4    5    6    7    8    9    10   
11   12   13   14   15   16   17   
18   19   20   21   22   23   24   
25   26   27   28   29   30   

       Year 2029, DEC        
S    M    T    W    T    F    S
                              1    
2    3    4    5    6    7    8    
9    10   11   12   13   14   15   
16   17   18   19   20   21   22   
23   24   25   26   27   28   29   
30   31   



Enter Year : 3000
       Year 3000, JAN        
S    M    T    W    T    F    S
               1    2    3    4    
5    6    7    8    9    10   11   
12   13   14   15   16   17   18   
19   20   21   22   23   24   25   
26   27   28   29   30   31   

       Year 3000, FEB        
S    M    T    W    T    F    S
                              1    
2    3    4    5    6    7    8    
9    10   11   12   13   14   15   
16   17   18   19   20   21   22   
23   24   25   26   27   28   

       Year 3000, MAR        
S    M    T    W    T    F    S
                              1    
2    3    4    5    6    7    8    
9    10   11   12   13   14   15   
16   17   18   19   20   21   22   
23   24   25   26   27   28   29   
30   31   

       Year 3000, APR        
S    M    T    W    T    F    S
          1    2    3    4    5    
6    7    8    9    10   11   12   
13   14   15   16   17   18   19   
20   21   22   23   24   25   26   
27   28   29   30   

       Year 3000, MAY        
S    M    T    W    T    F    S
                    1    2    3    
4    5    6    7    8    9    10   
11   12   13   14   15   16   17   
18   19   20   21   22   23   24   
25   26   27   28   29   30   31   


       Year 3000, JUN        
S    M    T    W    T    F    S
1    2    3    4    5    6    7    
8    9    10   11   12   13   14   
15   16   17   18   19   20   21   
22   23   24   25   26   27   28   
29   30   

       Year 3000, JUL        
S    M    T    W    T    F    S
          1    2    3    4    5    
6    7    8    9    10   11   12   
13   14   15   16   17   18   19   
20   21   22   23   24   25   26   
27   28   29   30   31   

       Year 3000, AUG        
S    M    T    W    T    F    S
                         1    2    
3    4    5    6    7    8    9    
10   11   12   13   14   15   16   
17   18   19   20   21   22   23   
24   25   26   27   28   29   30   
31   

       Year 3000, SEP        
S    M    T    W    T    F    S
     1    2    3    4    5    6    
7    8    9    10   11   12   13   
14   15   16   17   18   19   20   
21   22   23   24   25   26   27   
28   29   30   

       Year 3000, OCT        
S    M    T    W    T    F    S
               1    2    3    4    
5    6    7    8    9    10   11   
12   13   14   15   16   17   18   
19   20   21   22   23   24   25   
26   27   28   29   30   31   

       Year 3000, NOV        
S    M    T    W    T    F    S
                              1    
2    3    4    5    6    7    8    
9    10   11   12   13   14   15   
16   17   18   19   20   21   22   
23   24   25   26   27   28   29   
30   

       Year 3000, DEC        
S    M    T    W    T    F    S
     1    2    3    4    5    6    
7    8    9    10   11   12   13   
14   15   16   17   18   19   20   
21   22   23   24   25   26   27   
28   29   30   31   

